959750615977
959750617213
959750612447
959750618160
959750618300
959750613310
959750618805
959750613058
959750613553
959750614784
959750613661
959750610348
959750619095
959750616734
959750615890
959750619000
959750615380
959750617304
959750611772
959750610314
959750610319
959750618870
959750617518
959750614968
959750618402
959750613173
959750614554
959750612628
959750611450
959750617351
959750611229
959750617090
959750610737
959750617400
959750619389
959750614092
959750610263
959750619283
959750610608
959750614927
959750611530
959750616847
959750618516
959750613215
959750619602
959750619688
959750617495
959750615159
959750618666
959750613061
959750611179
959750610382
959750615544
959750613054
959750612993
959750613096
959750618290
959750618894
959750612489
959750614307
959750613391
959750611653
959750615296
959750616506
959750617164
959750613117
959750610749
959750611752
959750618479
959750618230
959750619458
959750611833
959750617792
959750610171
959750615905
959750618619
959750615330
959750610026
959750615768
959750619241
959750610575
959750613070
959750619105
959750618347
959750619467
959750611147
959750616610
959750614036
959750611402
959750618438
959750617719
959750617963
959750613735
959750612011
959750618249
959750619608
959750611205
959750613569
959750619190
959750617933
